$ANSIBLE_VAULT;1.1;AES256
31393137326337343633326362313738303365303534313964373866373634613336353530623238
6538306663663234643665393930353230616139346631350a356638653838663130623864343932
33643030666364383834653762353838653332633031313837326261633764356435383136303061
6666663039396438370a373764303666306537633866663932633463613136646366643865656233
63336566653565623262346262353232623332303264613631373731613534353761623066643566
32643434633239636138646339646162393136383534663237356631396563393535613138353135
33626366313535393331313036316233316238323231653635383732666336633865313630626164
38326362396632636564656134616139623938653562326435626165623662376563316631626432
37393466386163353538363438613130303066396665616330353537393832363731323237653963
64376136346434613065333131373166316537306336326461633037396666326463616532393831
31646231623836386634346564363730616130373162303139616262373734383430643032363465
35303364366231343063636436383533316636623338326234343165323966366465343538356264
32393833616634323730373433303265613764353434393564326362636632333636363764353334
31366161386434353333323265353365373934653235643766646430303531303866373335363836
39333436323531303231363437353336646331653962363632353334366261656230343735366634
32343561393038386366633065323564323839376138663564313038636538643437323530356332
65316430383963393432613831653163646338396130326530376631303862396465663231353162
61656139363534323736666630613066363765376437326633626330613563663733366331306637
32386161323833616563313164326262363963623530666464653734326337643439643735333365
66626665333662303739633564343838363139366662363134336235333637343236666462383861
30383766373834323737663639393637636264366365636466656336613532343962336134663561
30363832333032636435343030623365316239666263626162313939303338393930633665633834
65633537383338623230343361653339623666336137663161613864366331356364343963326331
39343964353562353939643534653463626262623161393061316136653735633632356635303761
62613765373161306537326163626263613162353237333136393063613034636639373032346138
65343364323164663864636361333137613864326232386237366439376636303938363139303062
30326166376231666365393434643566313133376462656335343562333731323730643232663465
31386166353161366437376236383030643339323362336561376336643065353230666664623734
37323639343334393236633963646665646433386264666362373836383963303536613438393238
31616164346432373833626264353438653932626137613938643062646236386631613431336134
39333037663434633336383430653732623734396231353233303938323861616334333462663033
33373336643363383965663534326538623466306363363336643237393134393530323537363662
33366333303833313333306364373233316131633534376163623630653734656465613330366566
65663030363761663363666332336435303763366334326630643634396538363337393939656132
32343866653366656437353061386337316230373139316235396562333064646361643537316537
33343965376235306533663335373265313633353538333535613065383664646562653463303263
35366230336138633838323431613564643266383665646539636335316238623230336636656663
64376236613334353231343330343066366638323638323461383635656132303235306633353337
35336530396438303738383832663663666237386364393161343265306463333139393338633733
34656337646535346239663261363736653763653861343763313361363664646266376438373832
30646134396531336261346163383830313565306430653333363332353239323539353632313035
37346563313536316531363933393034626339353466356362306235376636663265366134653063
33346236383937366133393638636362396235386634386365336535616433646230363632363536
31396366303235626366343164343864373538663931613165353034346531326564623534333434
63646565633139346532653161343830373531356665653335376437613933623831616161616134
66626637333065376338633638393962366237616237373238363537376339623064626538636135
61613936623966303337633536393162623036336633643362643766626566383636306366646464
39366436343965633232633165623839643630666531343163656335616165333161646635313936
31386630346634643036626665373439653738376433383736353766366566393832313132326234
30623063626563663563386365333766376563626137396530653933643435663462346566356366
34323333633139393739343362313661306261383661616165303239323165616663633231303137
37646434303962343237383437376666666135313031326430346666356365313565646232303863
36663930353235663538356630663061393663313633643537326430623538623733346131646433
31353738636335656335623835633337653034323365613962376135326231376136393230343732
66343865363036646465626338653266396566663132663234316131353339623963323464343030
34613966326132303739363237353439633362323836313431316233623436343863363732663763
64393835646265633239626231333635363732616164323664346434653931323837366563353237
65653536666537373230626264656539303836373435333037316662383130663865356330363463
62383733306632323438373266643533353436313734343834383734353361643131666338653166
32346165303233393963363436316561333734376539393538626362653563353565336164326533
36366334303030316463376333613637343934613131616461326362323232306230336366363062
33613739656633653239383532323564653537613139623130613536323666303831623437313330
34633530663965656330353461313939623166643734626564636365386162636438643238366662
64633131393264376130303863396134633361666163356336626666336531356238643435663665
38363936666231663637633162353361646134323433626361383738376664333561306163666634
37666335613465346332316534303637343033393032383039666666666434623262336534623631
35633338643334643662636635373633393738303865363235303536666236353766653866666433
37363532616237626561373634393264303936396162653662613664363765373836303736323866
31343431623934643264623461613864636665393639636136626566376334626530316165383439
39333431336230653736336364376364396236363434303638376634386135376364323063373137
63383939636439393531336631313165346432323161303362323239643661333263333537653165
38363839353165373963346165346361303264616265623734633131313663326263353633653831
31643734393935326334613737663434613566313733363431346564633433653661623161666635
64613033343264343336303763376634653631316332323163636662663437353433626230363434
37356433323035346464656664636433333266633664303265343832363639323132326464666163
66396562333337373165643232636437633364383336386666343161623235653238353335646135
33386466343166306131373539313132323265393261343465356235383066653939313763646662
63633538376261643765336632353335396338393462643834313635393331323064383961646661
63646563373863373033333232333533643566343363393563313136356131666339346635303565
66653963303464356539626336383537656563663837613331363264356439393065363834343639
39373363323830626230316530613161643035363430363261303430666230336461333966393235
30376662663539633264616366623837353836363361656330353632326162626631636534373833
61353561616134396362323564623562663863356633323761393662383037346462636265353832
33346565323063616535623839666538323064663332663531323830313139633733653833333131
63313464386233343861363732656263363032356266383663326231396362393066373664663430
39316333373362356665666135663063393363326334633737333365653835353061653032623065
37383635373362636530613162336163633830616238376266323362373864633934666333616139
64303734313730666563336232366336623939383938333562396533373537383031643864623734
34326136663430383934373335326564336432656237623734313938393664346439393336613561
64323231366135363739336430323232313236393462306339323830373763303335633632316664
30386264393634316137383738326562313262346261396162386361656233393639616565386238
64333064303937373761323833623262353735663535316233663037623265323335323132613436
33363763333763383662656638356630363566636666346461353630633636383061356639626430
31386632396332323833383837316138616263323336646662356336333035656430383736306435
66373365393135653738396135376137663837343166663463336238653730636364643735383337
61633835316336393139623562353261633931333835343236643063613331373134656434313261
66633161633139393935653436643363633363343236306538336337636431326530303431643262
32626436663363653737393736333564376332643931346466353136333630336134363337656638
63653864636661323436326634316164393961313032306235323564393134346535343365303866
32373066663165643631383163323430343962356663393031623932656466633866313066306362
30323562663761646535353164363064653238343835366432363861356162346266386163623230
63386238373139313939633834646537336466663336646235633665626635356139333233376561
63353738333333356430356166386239393564356262306635373535663963653335396231353065
33313236623532663963336338346132663462613735616165313339326239633236376566653037
30306461366166306166626439303162343832663462383866373635383232363637303231323638
33323866393963323431613039313832623631306330653533653734666533366631653866353037
61323366336162393965633935396334383638383030373831393031666262666566366162623836
35373662313439353634633236316231316164353835646632643963613736303864643930303133
63343130326433396662303262303935623130666133656533376462353262336433323533333663
36626663346231306230356561376338356537643762366361303138333835356465313737366233
34636265303031383366316239363832346636343465623362666132326139376430663633333839
30386564396432613762316362363932623830623035656266333235626339613234393334326664
33626461363637326634633539643864353039623164306666333030656662613436636332646230
64396538306162303831386538303933306235326633353334653231323132376134326631373832
61353834363430396630663437396536646235336264303534663138643166366666343466303335
39323366323034643338623465386635363265343538643933343130343032643731346162383733
34313961363535366232663138636365643536376565633232303031653133613331396562623532
32366261666632643365623637373337346231343563393138383166326434386363643634353434
30636430333266383161346639656437653764386239306461623633336333613964663436333165
38383263386265366235366566663436346233613665613238323839333066373137393239623930
65316162646634376335313939643237393134666264633765393734363261386432316564643738
64643034306333346130653830396364323461646335373038623066636565343431356130376232
36623036356165363863656663343264613234323236353232656264633334333831316561643462
66303838383532633961656532316337386661346534363636626535633966373336656133613663
62393366613730373934386661663162663230613636343466336366616234613561343366303136
32333631306365333963643337353535363436623537643134653864616230306666313962303765
32396465323537373532353437656363396165663364393261343136326364666332386565323266
33616135636634303237623765616334373066393731333164663437336336306335336265656233
66646631663338343333323937383638383133616163613837366432633065636635373032393333
31653432643730393032396232646666343265643836353734663537643937356335616333353035
30333032616432303938366535346265636364383236366237306131303837643966316138336636
37666433366335623739336137396631366137623461616363666661373362646266643138656264
62663536303730643136636166356264623230316236376166626132393864393530663064663437
39323765353436336136323131326438666236653163636165373330353736653232326432353434
34306366363665363635383364316437626265316634373632323163313462373334303435333732
39383766333765383537363639373731643565326366643932326462396463636135663261663438
30626265373566396533323431396237666335303235353336333134356262663266653565336366
39313831346266373539616366656138306562356365656664303934353233343638663230646137
38393131346365643130663963646230343338386164353735663232313461666430383765353438
61363838323461333034636362373031383362633734303061386136653664376564363638343165
34666566393133306562333566336136623362366365623961346638356535393963336263643635
66396231313139393361613130366530366432616364363061303065616233616232633730666532
66623231343238653931633831396639653165336538316561633033383262393231333738656162
62313937613564666264643230623365616135346334343331333066346436633363383439333761
65613634313730316434623862376333643935393339343465376233363533623766383733313434
64653664613038396265303865393361333464353837386564333064336235626461393335323933
31626335333836316565343935363939663235633566373565313734613562643433636462336363
65323861386539626631383361316336346362313431326337646531383635666135346566383366
37643334343536623530353036303865633866663231356334633665376634636535623338383839
37623236643564346539663337386139363461333337653332306633393934346233316633376336
34363666363734623465343234373231306366346536653338666334366465323638326265663838
36306366383565323639333232393765626364363531343730663430616139633031343961656632
31313436653461363063343439613963383166356664343261613565666232636631356633343233
39613133393938666665633864343031303462653966366132336263663233623031373836333838
65623663346139666436623333636561636466643437616463373064373466323863323439633132
62653666366466363638363933333561343635343632633030386637303962393663383834666236
65653536636337316237396636643362386234353630646264303864303338336131373661336531
36323635376137326237613062643461393739313666653932353766333539613866393332313862
32336666626566663364313332616136386632626566653439616437636265303639383834363739
64336430373437353830366530326531346138653731376363316534306533656538386438333734
32656531383739666132663932643132306236616634336233323264653737373532316132313962
63396233373666303562663964623130613830313462343933613563333566633539663166626564
33353235333732646335333065313834393232376661386363376335626264656163316434303534
33356338653131616237616163363236333132306234373638303064346536386235616430316330
37666137376633663866343835643734663366333439663536366337373433376334353031333465
31353463616430366234373862656339343966643561313135656233333433333864346265616466
63656161333437363338656435383162346663623436363934396238373237356436316239663764
32646363303830393665343639333466363130336264653431666332626262323433666666653261
32383933363631353135353730626461616363386136353339363032306132333863613439343434
62376438346665356334323130336235363138333661366637303334616530663239373064323834
33323130353266626534393636386432613639346333393830646166346263336164363330323937
37643035376137333530646331313930653664306439666332353163386333363331613832313031
36323130613936613738626364356164666639333730643332373865303364626465323262366264
37623335626164616131353630346537326263336534643965666434336561363938656461613734
36393032633139366637303230366638653737323761303765663230663166303064653333373265
66626339373962303864633532636364303833613662653265663633623461663032636238633561
65663632633936636435396532663233653265336637343334613732306163366634303966323537
30393633396430643932373963333830653062666431353866326336326663653834356336636531
39376437656433626232306564373837626437336235383930346433306361373939313637336565
61356232393532306262373135333233363637653564313432633861316162336165306564343762
39303062326136663630636639333362326437356634613731346237376337323135383733323030
61373765306162343836366264343135306137396337353263666231646435396535346333383239
64366638396265626439323035326539346133633637636666643432313663656566326638626166
38336664623463656461633134363636643261626539333132623262353865326536626632386336
66373336666237383066633564633136363162306261613766666462663133316162313430653633
64313666636237653631343031313437393265653133376664613135356134363663323031366431
37663961353563616466333833363833383933363132616237633566656139643866613165653266
38313339656438393562643434316634393563633364616438623738326536336262653833373365
37623733633232353630643831316162303337366434363233313262336530323763316530383137
64653531343130656166336133643231373036353830396635656263663764363362333065656364
30636136643838633338343934313164343137616665653932306632633963653364313839363063
32376662646237363230633231313533613461333064363432306535643761363635623961316134
62336330646132303731376535396433323939383762386166343131383530396630363735653538
36323631313639363734333930313766643431616332643163383032346238643831613433313539
653836316437396265636665383165376235
