$ANSIBLE_VAULT;1.1;AES256
64636466316535663936356534613939366238396134646532336164333163323463636530316266
6438326665346630303566646338366366373263336465300a373064343062663334303034616430
66313332353834303132343238356165633166626661393937623232323961653038383634306431
6162663365383632650a396536393836646536613132333461366533326131356234623035386233
63393238336163306463303032313639663237353864393230303761333030633936616235613839
35303132613537393334393864326663336130613966333837393538303166336631356433343730
33643562636431613736323138313934656434656630393830316631363266633035613537303630
65633838346137653663343634313964303936363832643139363838313339656637326330633165
37643031663161666636393661333534643838623664323137613061303830393162626233333835
37623061353030316263386533636463636632303932633432613839623233663331353334636231
37656464393438613963346330396338383862383137323762376130336664646564643236613235
33393231313830653932353432346663333431366163656231376136656534663531353164646530
64616266333230636663623565363633333738373733333565363532656565343637383162626265
61616161316233656331663830616466633362636465396663303866346531353239636436633932
36646431643339613730656361646437383832313639386235386232663832373063633632613333
61373633643161633435613863613239363666313131306535343135376230643139326233653839
33653762313965313066376166393533653335623330626537393233373331323961323132323361
30393233636632383732653431323161306335386335313665663934616362366165633336363232
34336130343865646562383563386234626231373464343030383230343533646165373633613138
39343362306439653939343536656531626166306265313430643738306539323062323532623330
34643332633563333839383963323964373535353363623561366231366562666265396664356431
33656337663439353330663439666633313137323963303234326135353262633835386533366630
65666364346262366363373763303635666663333839393637393335653833633861356664663332
37613361656332623133373462656536623966306539303161313465323537623661643131373464
32613863636437313563343837623366346636666466396239383032653839323936373466336436
35646332333239663236333134646330663630616166666336383666616632346364646336353337
32393562663865353638393565343865366230306139376434313835623335363834656661353230
65636631613033333634356531303164353663363037313636333030633735663039643131373038
62353931336638313239336465323136656363313161323365343733623531636663376562373634
36373639663331393832653239383666363035376137326533646464323232306436653432303166
35373732303632633631353833613637333230653532313433323535666266613465343165393136
34613037343863326535646365633439316536393736636334623865643033323234656166336339
35356238336138646465396636396339393533623339616632343363393566613136666431646233
36633363626362346134303637343430366366666639666436393465353663663065343264663565
64306134366132383430376231666666333031373739613861306364656163633331656462326138
38656434373837303665313163326262653734363734623435633932636461366261643330623439
62663830663563343362333839323937346436363736653065623932623738336638393739653332
35303037313566323134323138656636663836343465636234653031613261616139653130343962
61313031303166386338346161386235616637623231393966303461663134313966626362623236
38653334613535363330653134656538393430373330393037323039326662666335346664303531
39323532393062646664313363333962353461333731326264373234376262626535346130323236
63343433653063623337643739616366626432653132393037353563393339393261616630633862
34633938313063313535646338646537633964316539323731616635646631333439653763613864
66306533343534383030346165623665636136393934353363373862643631633561653432643433
34393863656161646263666236666632373732623437306633316636333038366664386331313939
35326530333961356637303039323039366535663931396132646264646130383937643339303530
39656334303031353138346235613238323362373037366539363430353637646333323236363332
39653461366430366366356365343763363034313664393365626333636364303931396464613164
61366132383236323462343232346438613936633562303831653233666161663337623134346164
34316538613135636231326431306466303338366533383633373133623335633636376436323932
65356535396366616139663462363939646634313739306434653463343634363234366234313664
37353338653065633331636466633834663936393162326661316564633563303730313262323032
38323235653766313761386162643962646561343532333536393264313434393761636639623432
61633535323838303133636338646563313531653532633431353231313466313137613234613734
36656133666365353834623035636138386535653134323061303763646532306136306434643662
63663262383235306366626262336137663438396563386363643739376331353562623635363235
32326461643731653832653436366466316533353864616138333634336665343331373635346630
66373862663331396363313332303165656231656266303064633439663137306139663430316565
33303230623635356134376437353435653031343362316162346666373535373966643738363234
35313037626166356236653134613666613639653430323061306135326530326637333366386164
35613735343330363339653734313739376362623134383465356261653366303934366230323333
35313063393238636161663462623230376239326335613063393264353837353338643763346664
37653661333864346533663638366636376236383463326137633635613431363730663334666239
64303264623063333133316634336236386339393636393036313036633562613530663964613232
36613065323963653736336366366634353037613037313932663866353638383936373161616638
63313533373430336130643238303864303430363239623031653039646165363462643661303761
32393536313139313836383237346431623435396238333535646366663435386334643362613961
36643262653337326261353438666566343939656437363933383966353363353936623732383630
32336565653463666365653166613835393237636131333061623630613065633664396130643562
63353930656562396638613633636533383032343836366266383465343564376133316363393864
36626236646439336232323432653439626332633461333666366331663763363738653634643338
32393630313966396536393761356565633365663762353337333239393066376261343261386134
31376338373230376633663730373664336337303033666164313162323236323565386638343534
33663137633431343661646538653231623731306264373465623634376264376239356635396436
62376361356638383038353536623962313862663331396234646637643230333938643433313066
39303837613065663865346534303063336635386332393932623739393463316132363930353663
62653232656261643034313833363039643137396638633465656661363437346436316530353237
31346664386432633063633538313563353466653736363830343762653739613839626133316635
66326238376332346264626536613230633236353230616266363061303735616631633430623636
66633963303133636664313366313636626264636366356138386434343833336530656130346139
37353232303132356664653065613230356131336633396534336333303531613233356331313237
35393035386265386439623630323362366535353435656336383331643761393738333133653866
35656138333637633136643433363165326537393766643638626534303236306638623036373462
36363966306330316366383366623364613830376436373838393964663735656563363939623033
39336364623161363761353766383966353330623063643263336365646461656364393038373739
38663538663336393133346234636364326333326661643134383763396232626266353561663562
34653037386434613239373433626438643037326637353266336436303361646666306665313337
39366363353439373533
